68
2
24
54
0
91
9
9
8
29
59
11
67
43
44
45
20
40
65
0
69
24
36
0
53
60
38
46
78
49
38
70
46
44
24
6
43
61
35
43
7
18
16
34
77
83
91
70
26
96
69
52
96
50
53
68
13
44
49
80
93
19
64
79
21
62
5
16
44
0
51
37
72
30
12
31
22
20
85
35
56
48
92
84
96
64
45
60
93
90
95
18
61
57
38
58
54
58
78
55
55
89
36
2
60
82
65
62
42
93
93
38
37
82
77
7
51
57
92
63
65
10
80
8
58
80
33
88
52
42
64
91
4
11
74
3
78
31
52
8
38
79
47
97
73
52
37
85
15
93
6
59
75
28
50
58
85
88
20
29
40
84
52
80
95
51
49
55
87
27
13
67
48
56
71
52
58
27
4
75
26
17
4
77
48
55
43
12
52
3
19
28
90
17
43
71
32
47
18
83
50
15
36
17
49
88
66
56
9
32
50
55
10
36
65
28
42
37
12
42
92
12
26
62
57
17
52
18
51
86
44
79
12
27
72
41
5
98
39
89
84
97
90
91
78
11
73
38
61
84
89
41
73
48
54
83
81
36
81
23
69
70
67
78
89
19
75
95
21
90
94
87
11
3
30
97
49
21
96
20
20
85
90
83
24
21
37
58
3
54
20
37
96
67
88
78
24
54
3
19
79
40
32
13
93
29
76
23
53
90
47
93
64
61
54
30
59
58
50
80
27
91
55
8
69
33
74
68
17
82
61
46
24
81
28
28
95
53
37
16
45
43
81
95
92
26
66
69
23
64
50
93
12
95
94
36
32
77
89
15
69
62
72
62
61
65
50
23
48
2
56
56
20
95
78
27
93
69
34
76
85
66
79
48
18
61
87
89
54
47
93
13
36
73
97
1
64
27
42
15
73
48
83
80
28
55
3
16
31
70
30
75
95
77
32
42
54
11
16
87
89
30
79
11
17
37
65
54
71
59
49
12
38
14
4
70
44
54
15
91
20
61
86
71
91
72
85
59
52
95
66
63
66
66
46
84
93
60
42
49
80
2
2
25
82
81
24
36
32
16
94
72
99
89
73
22
79
51
63
62
95
27
5
56
86
59
86
81
43
51
12
58
93
39
1
4
13
82
31
53
76
30
68
98
98
48
20
98
57
71
33
88
0
33
29
66
35
34
64
98
24
2
9
69
52
98
14
78
84
63
24
1
92
99
58
94
17
64
11
14
47
43
59
37
74
2
94
69
15
15
35
74
67
45
27
87
11
32
62
74
38
41
97
12
12
48
79
84
77
83
30
54
51
16
37
56
30
18
95
61
24
37
79
6
45
68
7
94
77
85
20
62
29
4
72
6
56
60
47
99
34
71
92
78
92
13
8
38
47
89
33
2
76
36
48
86
1
11
61
40
69
83
13
58
66
72
50
4
60
7
55
24
99
66
58
59
81
66
47
6
66
43
32
29
9
21
55
69
56
34
49
60
1
36
71
52
27
57
19
8
56
78
50
43
60
46
92
63
92
56
50
50
78
0
99
89
77
15
19
0
69
36
6
94
76
48
92
66
8
71
98
76
64
92
20
67
71
96
50
52
72
74
50
67
84
84
24
82
94
82
40
71
73
23
65
99
13
78
39
65
28
37
16
59
4
54
49
77
73
40
12
73
45
17
42
44
60
78
73
72
2
47
91
57
32
17
90
13
94
26
65
48
28
53
29
69
4
7
18
29
88
66
1
86
34
56
78
55
85
64
91
63
88
5
83
51
1
52
49
62
66
73
25
64
75
97
45
38
25
68
34
82
20
78
34
75
41
56
22
85
87
48
21
87
83
65
56
53
76
34
42
16
25
34
91
89
2
3
64
31
49
12
41
49
40
35
23
88
21
55
31
17
79
79
97
60
21
18
46
62
34
76
84
85
79
58
39
66
64
61
61
10
77
95
79
2
5
71
48
62
78
76
40
29
93
10
53
99
45
29
54
31
71
86
20
20
64
60
10
52
78
44
93
53
69
74
13
60
51
40
32
87
72
48
17
10
80
83
50
63
7
68
59
72
70
8
22
97
91
0
94
86
15
72
0
23
30
4
94
92
16
8
89
97
15
69
46
7
8
63
76
0
51
66
49
20
79
90
45
69
58
71
26
2
52
73
10
96
18
93
83
78
59
5
29
99
43
19
0
54
54
70
15
6
92
96
60
44
71
8
79
42
96
52
3
74
56
63
11
84
86
42
62
93
78
44
29
33
44
69
58
52
10
24
74
69
72
93
57
31
